
== E1 (e1_scratch_train.json) best_val_macro_f1=0.8861 seconds=538.2
 ep      loss    d_loss  val_mF1  val_acc
  1    0.2492             0.5991   0.9499
  2    0.0990   -0.1502   0.7382   0.9413
  3    0.0728   -0.0263   0.7653   0.9538
  4    0.0529   -0.0198   0.8461   0.9719
  5    0.0418   -0.0112   0.8714   0.9740
  6    0.0330   -0.0088   0.8426   0.9544
  7    0.0262   -0.0068   0.8204   0.9681
  8    0.0221   -0.0041   0.8634   0.9759
  9    0.0166   -0.0055   0.8605   0.9747
 10    0.0175   +0.0009   0.8191   0.9572
 11    0.0129   -0.0046   0.8861   0.9737
 12    0.0087   -0.0042   0.8744   0.9764
 13    0.0090   +0.0004   0.8798   0.9791
 14    0.0179   +0.0088   0.7786   0.9664
 15    0.0091   -0.0087   0.8792   0.9737
   best val epoch: 11 / 15
   마지막 3ep loss: [0.00904889287564925, 0.017852068148592845, 0.009118104561604168], 총 감소 0.2401, 마지막 구간 감소 -0.0004

== E3 (e3_aug_train.json) best_val_macro_f1=0.9021 seconds=515.3
 ep      loss    d_loss  val_mF1  val_acc
  1    0.3147             0.5581   0.9223
  2    0.1406   -0.1741   0.5695   0.8478
  3    0.1036   -0.0370   0.8056   0.9675
  4    0.0879   -0.0157   0.7557   0.9625
  5    0.0777   -0.0102   0.8458   0.9694
  6    0.0679   -0.0098   0.8385   0.9692
  7    0.0677   -0.0002   0.8705   0.9730
  8    0.0589   -0.0089   0.8465   0.9704
  9    0.0526   -0.0062   0.9021   0.9735
 10    0.0557   +0.0031   0.8900   0.9766
 11    0.0494   -0.0063   0.8696   0.9731
 12    0.0478   -0.0016   0.8848   0.9759
 13    0.0470   -0.0007   0.8385   0.9741
 14    0.0428   -0.0042   0.8952   0.9773
 15    0.0406   -0.0022   0.9013   0.9815
   best val epoch: 9 / 15
   마지막 3ep loss: [0.047049273775322364, 0.04280074247314913, 0.04063915376113896], 총 감소 0.2741, 마지막 구간 감소 0.0071

== E4 (e4_cw_train.json) best_val_macro_f1=0.8790 seconds=514.5
 ep      loss    d_loss  val_mF1  val_acc
  1    1.3840             0.5309   0.7796
  2    0.7096   -0.6744   0.6187   0.7822
  3    0.5529   -0.1566   0.7390   0.8812
  4    0.4108   -0.1422   0.2868   0.1802
  5    0.3262   -0.0846   0.6683   0.9173
  6    0.2698   -0.0564   0.6546   0.7839
  7    0.2584   -0.0114   0.6857   0.6885
  8    0.1932   -0.0652   0.8169   0.9476
  9    0.1873   -0.0060   0.8268   0.9386
 10    0.2139   +0.0266   0.7514   0.9209
 11    0.1302   -0.0836   0.8790   0.9727
 12    0.1146   -0.0157   0.8199   0.9546
 13    0.1171   +0.0026   0.8522   0.9588
 14    0.0729   -0.0442   0.8407   0.9522
 15    0.0851   +0.0122   0.8599   0.9669
   best val epoch: 11 / 15
   마지막 3ep loss: [0.11714663941860393, 0.0729292684302099, 0.085130909226001], 총 감소 1.2989, 마지막 구간 감소 0.0294

== E4b (e4_aug_cw_train.json) best_val_macro_f1=0.9076 seconds=518.1
 ep      loss    d_loss  val_mF1  val_acc
  1    1.2593             0.5549   0.7002
  2    0.6966   -0.5627   0.3874   0.3467
  3    0.4979   -0.1986   0.5721   0.7850
  4    0.3876   -0.1103   0.1613   0.1429
  5    0.3867   -0.0009   0.6930   0.9082
  6    0.3197   -0.0670   0.7988   0.9289
  7    0.2902   -0.0295   0.7861   0.9061
  8    0.2776   -0.0126   0.7737   0.9481
  9    0.2156   -0.0620   0.7668   0.9228
 10    0.2585   +0.0429   0.9076   0.9709
 11    0.2197   -0.0389   0.6865   0.8012
 12    0.1937   -0.0260   0.6703   0.5266
 13    0.1864   -0.0073   0.6573   0.8001
 14    0.1584   -0.0280   0.7935   0.9017
 15    0.1477   -0.0107   0.8504   0.9464
   best val epoch: 10 / 15
   마지막 3ep loss: [0.18643801812535618, 0.1584396670352401, 0.14770687433978458], 총 감소 1.1116, 마지막 구간 감소 0.0460


== 역빈도 class weight (train split 실측) ==
class       n_train     weight  w/w_none
none          29149     0.1648       1.0
Center         2780     1.7275      10.5
Donut           327    14.6867      89.1
Edge-Loc       1915     2.5079      15.2
Edge-Ring      6780     0.7083       4.3
Loc            1338     3.5894      21.8
Random          481     9.9845      60.6
Scratch         408    11.7710      71.4
Near-full        45   106.7235     647.8
weight 합(기대 샘플가중 평균 대비): max/min = 647.8

class         배치256 기대수      미등장확률  가중손실 점유율(균형시)
none             172.64     0.0000         0.1111
Center            16.47     0.0000         0.1111
Donut              1.94     0.1431         0.1111
Edge-Loc          11.34     0.0000         0.1111
Edge-Ring         40.16     0.0000         0.1111
Loc                7.92     0.0003         0.1111
Random             2.85     0.0570         0.1111
Scratch            2.42     0.0882         0.1111
Near-full          0.27     0.7659         0.1111
